TCGA-AB-2992 517 6908 7989 9301
TCGA-AB-2993 2045 4203 4721 10298 12025
TCGA-AB-2990 1580 7019 7162 12174
TCGA-AB-2991 817 2606 7581 14192
TCGA-AB-2996 12514 13020 13875
TCGA-AB-2997 2627 3108 3627 13536
TCGA-AB-2994 4721 7868 12195
TCGA-AB-2995 3358 5442 6697 8223
TCGA-AB-2998 4491 4721 5693 9200
TCGA-AB-2999 153 3339 5907 11882 14088
TCGA-AB-2853 569 3683 4721
TCGA-AB-2851 1407 4721 11132 12025 12582 13001
TCGA-AB-2850 6811 8758 8824 9825
TCGA-AB-2857 985 4798 4966 7210 7903 8975 9823 11620
TCGA-AB-2856 
TCGA-AB-2855 2701 6129 8404 9615 10484 13019
TCGA-AB-2854 830 1044 1409 1652 2992 3338 3421 3537 4624 4815 4898 5383 6680 8174 8736 9717 9743 10217 10609 11088 11861 12514 12607 13054 13840 14060 14695
TCGA-AB-2912 3616 9615 11339 11623 12025 12427 13875 14105
TCGA-AB-2913 4721 9811
TCGA-AB-2859 6962 8969 14273
TCGA-AB-2858 3570 5382 7356 8783 12000 12022
TCGA-AB-2916 828 3003 6675 8181 11339 13655
TCGA-AB-2917 5314 7357 7672 10772 11620 14090
TCGA-AB-2914 2867 5360 6804 7044 7249 12540 13127
TCGA-AB-2915 5400 8291 8792 11722 13211 14345 14407
TCGA-AB-2959 724 750 1645 3620 8801 8934 9480 9615 9794 10872 11339 13515
TCGA-AB-2955 1877 8208
TCGA-AB-2868 865 1442 3375 7260 7415 9613 10723 10743 12512 12590
TCGA-AB-2869 111 4721 7527 8713 9319 12196
TCGA-AB-2866 2279
TCGA-AB-2867 2164 6756 8598 9133 9404 9730
TCGA-AB-2864 899 944 1666 2154 8156 9060 9137 11952 13649 14191
TCGA-AB-2865 4249 6454 8153 8247 11339 11670 13020 13766
TCGA-AB-2862 2598 4247 5331 5669 6809 7043 8152 8153 8975 13568 14499
TCGA-AB-2863 1393 3934 4702 5631 6811 7624 8086 12012
TCGA-AB-2860 7918 8147 8738 9822 11365
TCGA-AB-2861 170 242 1315 5418 5642 6353 7701 7723 8703 13818 13875 14394
TCGA-AB-2905 139 885 1259 3003 6177 6457 8354 8355 8712 9304 9831 14431
TCGA-AB-2904 1304 1458 6710 8760 11367 12080
TCGA-AB-2907 944 4706 10630 11339 14404
TCGA-AB-2906 1085 4098 4721 6156 10289 13110
TCGA-AB-2901 11367 11519
TCGA-AB-2900 2129 2136 4721 5380 6159 7314 9372 11650 12022
TCGA-AB-2903 4088 5734 7015 8153 8209 9060 11647 12399 13799 14087
TCGA-AB-2909 4203 4721
TCGA-AB-2908 4169 5398 6747 12025
TCGA-AB-2950 226 5377 7772 12025
TCGA-AB-2918 4721
TCGA-AB-2919 4721 5380 9862 10559 10864 13948 14431
TCGA-AB-3006 3339 4721 5403 7532 7809 10294 13020 13674
TCGA-AB-2879 4721 13020
TCGA-AB-2878 658 677 2273 2943 3654 3934 4524 5744 5962 7103 8792 10896 12249 12546 14280 14594
TCGA-AB-2871 3478 3989 4721 8363 12476
TCGA-AB-2870 1011 2050 12255
TCGA-AB-2873 5401
TCGA-AB-2872 1591 3816 8156 8669 11591 12941 13202
TCGA-AB-2875 1307 1562 4721 7534 8130 8222
TCGA-AB-2874 1086 2129 4200 4591 5368 7701 12039 14431
TCGA-AB-2877 3893 4718 4721 6857 8284 11509 13671
TCGA-AB-2876 3894 8196 8238 10075 13020
TCGA-AB-2970 1221 4721 11339 14431
TCGA-AB-2971 1303 3837 8119 13020 14384
TCGA-AB-2972 3617 4502 5768 7950 10872 12403 12476 13811
TCGA-AB-2973 
TCGA-AB-2974 4721 5403
TCGA-AB-2976 4491 4721 6714 7674 9615 11671 14431
TCGA-AB-2977 5331 9798
TCGA-AB-2978 3624 5829 10342 11339 12476 12700 13020
TCGA-AB-2979 2129 7138
TCGA-AB-2910 363 2352 2422 4721 6688 8184 8321 14301
TCGA-AB-2911 8373
TCGA-AB-2989 1712 3547 7507 9466 10421
TCGA-AB-2988 1136 4721 7330 8204 11114 11605
TCGA-AB-2985 1307
TCGA-AB-2984 2031 4796
TCGA-AB-2987 4052 10287
TCGA-AB-2986 4719 4721 10470 10595
TCGA-AB-2981 1193 4721
TCGA-AB-2980 4721
TCGA-AB-2983 3986 7534 11339 12540
TCGA-AB-2982 9127
TCGA-AB-2884 3883 4798 6078 8604
TCGA-AB-2885 989 1378 3632 4782 5693 6757 7310 8119 10298 10742 12040 12292 14171 14335 14449
TCGA-AB-2886 6441 6455 9650 10470 10506 13721
TCGA-AB-2887 1374 4249 4628 7016
TCGA-AB-2880 4721 8915 14431
TCGA-AB-2881 6834 6891
TCGA-AB-2882 3818 9743 10637 11591 11670 12039 13875
TCGA-AB-2883 11990 13535
TCGA-AB-2888 893 1366 2845 3350 6834 10210
TCGA-AB-2889 8174
TCGA-AB-2963 1231 3237 3932 4097 4721 10413 10720 12022 14649
TCGA-AB-2808 2992 7017
TCGA-AB-2809 5694 7508 8340 13918
TCGA-AB-2965 4491 4721 13020 14229
TCGA-AB-2964 876 12476 13020 13378
TCGA-AB-2804 2955 5230 7145 8357 8491 9615 9811
TCGA-AB-2805 303 494 2082 2276 6129 8141 8220 8568 11339 12427
TCGA-AB-2806 376 1006 1029 1141 1430 1664 1878 1899 2024 2221 2512 2548 3028 3224 3475 3881 3913 3929 4093 4122 4772 5083 5113 5181 5250 5401 5632 5644 5755 6315 6684 6742 6745 6756 6894 6996 7101 7654 7706 7722 7757 7934 7949 8016 8112 8208 8401 8432 8476 8604 8640 8739 8743 8899 8915 9340 9489 9539 9546 9559 9599 9794 9801 9854 9857 10128 10190 10290 10318 10412 10488 10575 11181 11670 11766 11797 11928 12011 12448 12529 12648 12656 12698 12708 13087 13123 13148 13848 13875 13905 14121 14199 14403 14410 14413 14473
TCGA-AB-2807 496 944 3293 4645 4726 4797 5201 6350 7015 8946 9094 9157 9388 10420 11093 11339 12353 12810 13861 15032
TCGA-AB-2802 4186
TCGA-AB-2803 4819 6745 7204 7215 9537 11367 14405
TCGA-AB-2929 1349 2009 3837 11326 11779 12701 13505
TCGA-AB-2967 5962 7319 8147
TCGA-AB-3000 2478
TCGA-AB-2966 659 5628 9794 12039 13466
TCGA-AB-2897 439 1591 9618
TCGA-AB-2896 
TCGA-AB-2895 1614 3280 3617 4721 13861
TCGA-AB-2894 9806 10511 13197
TCGA-AB-2893 10099
TCGA-AB-2892 1862 3572 3761 3937
TCGA-AB-2891 1378 1883 2531 3113 4203 4498 7409 7536 9111
TCGA-AB-2890 326 2943 11339
TCGA-AB-2956 1348 2071 4807 6697 11115
TCGA-AB-2957 4721 4736 13908
TCGA-AB-2954 8156
TCGA-AB-2928 1812 4721 13020
TCGA-AB-2952 4512 5148 5382 7661
TCGA-AB-2899 482 6696 11339 13947
TCGA-AB-2898 945 7985 13019 13150
TCGA-AB-2927 944 11339 11838 12587 12770
TCGA-AB-2819 3721 5643 9919 10759
TCGA-AB-2818 4721 5847 9701 10470 13684
TCGA-AB-2817 678 2093 2553 4249 4491 12427 13670
TCGA-AB-2816 817 3015 3409 4721 6802 9068 12443
TCGA-AB-2815 8236
TCGA-AB-2814 595 4721 11952
TCGA-AB-2813 1189 5381 8241 8629 10861 12309
TCGA-AB-2812 2627 4721 6684 10329 11326 13414 14088 14431
TCGA-AB-2811 3619 4721 10581 12668 12993
TCGA-AB-2810 1732 2050 2474 2553 3278 3438 3498 3556 3683 5198 5646 6436 6455 6482 8942 9798 10297 10299 11627 11768 11780 12049 12060 12247 12399 13063 13198 14088 14123 14229
TCGA-AB-2968 1343 3374 6979 8141 8609 13875
TCGA-AB-3011 8705 14226 14408
TCGA-AB-3012 3476 4203 4815 12392 13466
TCGA-AB-2949 132 1873 2273 7293 8147 8397 8669 11339 12605 14237
TCGA-AB-2948 
TCGA-AB-2926 435 3346 3368 4721 6809 9303 10559 14405
TCGA-AB-2941 304 3058 6431 7010 7708 8368 8805 10791 11670 12255 12664 13334
TCGA-AB-2940 1353 2129 7872
TCGA-AB-2943 894 4092 4124 6747 11509 14681
TCGA-AB-2942 677 4721 4724 14124
TCGA-AB-2945 4721 6834 12308
TCGA-AB-2944 
TCGA-AB-2947 4721 13861
TCGA-AB-2946 14550
TCGA-AB-2828 1027 1625 4798 6128 7629 8007 8209 8244 12399
TCGA-AB-2829 288 2608 6439 8975
TCGA-AB-2822 5377 7104 7672 12022 12686 13020 14426
TCGA-AB-2823 3345 8753 9669 13219 13876
TCGA-AB-2820 3003 3227 6318 7298 7762 7916 12605
TCGA-AB-2821 645 944 3833 7315 8875 11782 13875
TCGA-AB-2826 118 233 304 395 657 659 689 695 823 825 848 875 1200 1216 1289 1299 1389 1443 1971 2002 2010 2044 2262 2606 3003 3365 3434 3454 3481 3565 3607 3652 4118 4223 4512 4580 4675 4727 4740 4872 5207 5225 5382 5754 5960 6804 6815 6918 7017 7026 7040 7187 7239 7306 7343 7663 7799 7853 7985 8130 8147 8174 8203 8249 8253 8396 8539 8560 8782 8826 8935 9111 9155 9620 9680 9760 9786 9922 10578 10660 10741 10784 10845 11120 11181 11187 11367 11755 11781 11813 12040 12060 12424 12504 12594 12615 12797 13064 13210 13560 13692 13767 13905 13908 14136 14137 14169 14292 14410 14584 15035
TCGA-AB-2827 695 4497 8114 8153 8155 8186 14431
TCGA-AB-2824 4118 8153 8786 9389 10419
TCGA-AB-2825 3015 4721 8368
TCGA-AB-3009 242 570 658 764 1156 1369 3056 3225 3244 3894 4875 5209 8401 8539 8923 9615 11339 12605 13460 14302 14431
TCGA-AB-3008 11281
TCGA-AB-3007 2136 4721 4896 12557
TCGA-AB-2938 1982 3106 3881 8200 8771 11114 13766
TCGA-AB-3005 3994 5380 7655 8816 9295 12168
TCGA-AB-3002 2622 3343 3358 3709 6713 8236 9157 10608 11131
TCGA-AB-3001 361 7301 7372 11333 14302
TCGA-AB-2939 5676 6834 7469 7871 14456
TCGA-AB-2835 10226 10510
TCGA-AB-2834 834 8007
TCGA-AB-2837 1011 1246 1974 2177 3728 3930 5448 5449 9156 9251 9860 12004 12368 13089 13526 13933 14027 14334 15026 15035
TCGA-AB-2836 4721 6159 11267 12469
TCGA-AB-2831 3015 4081 4203 7025
TCGA-AB-2830 1388 4721 7668 8397 10855 11619 13020 13131
TCGA-AB-2833 185 234 302 305 572 583 695 701 1189 1378 1714 2059 2157 2520 2553 2866 3314 3422 3432 3568 3606 3607 3977 4001 4228 4716 4719 5221 5292 5333 5391 5707 5727 5845 6030 6083 6799 7076 7101 7108 7310 7565 7587 7849 7852 7855 7871 7902 8112 8368 8379 8683 8923 8947 8965 8975 9394 9701 9792 9796 10069 10237 10298 10780 11181 11556 11722 11826 11948 12800 12937 13202 13215 13679 13812 14119 14301 14375 14406 14468 14546 15040
TCGA-AB-2832 1314 3743 7019 9658 14168 14597
TCGA-AB-2934 137 481 677 1057 1197 1863 3244 3496 4213 4663 5095 5671 5846 6186 6188 6200 6257 6820 7049 7701 7871 8113 8702 8793 9900 10328 10350 10571 10654 11075 11784 12780 12975 13076 14124
TCGA-AB-2935 1597 4591 5694 7934 9315 9976 10683 10877 12222
TCGA-AB-2936 8808 11339 11599
TCGA-AB-2937 2681 5439 6834 10561 13020 13379 14650
TCGA-AB-2839 1979 2129 3719 6141 6832 9339 12025 14261 14431
TCGA-AB-2838 3106 4491 4619 6811 10353
TCGA-AB-2932 14448
TCGA-AB-2933 11339
TCGA-AB-2969 4721 4779 5143
TCGA-AB-2930 220 986 3304 3465 4798 6392 8007 8153 8669 9060 11647 12664 14431
TCGA-AB-2931 4721 5439 5902 8805 12659
TCGA-AB-2840 86 3607 3749 4721 5442 5768 6204 7260 8514 9060 9262 9921 11132
TCGA-AB-2841 3235 3304 5387 6080 9537 11542
TCGA-AB-2842 11765
TCGA-AB-2843 2589 3345 6834 8155 9262 9794 11647 12329 12680 13221 13875
TCGA-AB-2844 4505 4721 5381 10124 10217 11723 12022 12027 13556 14431
TCGA-AB-2845 2129 3476 4091 13020
TCGA-AB-2846 2157 6834 11130 14431 14658
TCGA-AB-2847 2221 13875 14124
TCGA-AB-2848 11319
TCGA-AB-2849 2089 3313 3623 4996 6620 6747 7386 7681 7750 8147 10412 12587 13654
TCGA-AB-2925 1296 3003 4721 4966 5398 5669 6936 10722 12895
TCGA-AB-2924 153 4721 8147 10855
TCGA-AB-2923 889 1882 2889 11082 13020 13875
TCGA-AB-2922 1741 2282 4514 4721 5801 7022 7685 8086 12906
TCGA-AB-2921 724 3003 3945 4721 5344 7509 8551 8645
TCGA-AB-2920 132 1743 6675 8539 8604
